Entity,Code,Year,Share of agriculture in GDP at current prices (Herrendorf et al. data),Share of industry in GDP at current prices (Herrendorf et al. data),Share of services in GDP at current prices (Herrendorf et al. data)
Belgium,BEL,1835,20.58,34.55,44.87
Belgium,BEL,1836,19.34,36.64,44.02
Belgium,BEL,1837,18.74,36.25,45.01
Belgium,BEL,1838,19.64,34.82,45.54
Belgium,BEL,1839,20.78,35.16,44.06
Belgium,BEL,1840,21.61,35.69,42.71
Belgium,BEL,1841,21.47,36.03,42.5
Belgium,BEL,1842,22.41,37.37,40.22
Belgium,BEL,1843,23.08,37.41,39.51
Belgium,BEL,1844,22.18,36.57,41.26
Belgium,BEL,1845,21.89,36.1,42.01
Belgium,BEL,1846,24.22,35.72,40.06
Belgium,BEL,1847,31.28,31.5,37.22
Belgium,BEL,1848,22.27,37.86,39.87
Belgium,BEL,1849,22.77,36.58,40.65
Belgium,BEL,1850,20.11,38.81,41.08
Belgium,BEL,1851,20.43,38.2,41.37
Belgium,BEL,1852,21.07,38.38,40.55
Belgium,BEL,1853,21.42,40.59,37.99
Belgium,BEL,1854,25.24,39.72,35.04
Belgium,BEL,1855,22.06,42.97,34.97
Belgium,BEL,1856,22.44,43.3,34.25
Belgium,BEL,1857,20.44,43.62,35.94
Belgium,BEL,1858,18.26,44.09,37.65
Belgium,BEL,1859,16.01,45.6,38.39
Belgium,BEL,1860,18.41,44.97,36.63
Belgium,BEL,1861,18.53,44.65,36.82
Belgium,BEL,1862,19.15,44.64,36.21
Belgium,BEL,1863,18.64,44.24,37.12
Belgium,BEL,1864,16.41,46.45,37.15
Belgium,BEL,1865,15.13,46.56,38.31
Belgium,BEL,1866,15.27,47.75,36.99
Belgium,BEL,1867,17.12,45.87,37.01
Belgium,BEL,1868,19.3,44.19,36.51
Belgium,BEL,1869,14.51,48.53,36.95
Belgium,BEL,1870,14.73,48.68,36.59
Belgium,BEL,1871,14.12,48.69,37.19
Belgium,BEL,1872,13.12,52.22,34.67
Belgium,BEL,1873,11.18,54.62,34.2
Belgium,BEL,1874,14.17,50.62,35.21
Belgium,BEL,1875,12.1,48.19,39.71
Belgium,BEL,1876,14.3,45.4,40.29
Belgium,BEL,1877,14.55,45.36,40.09
Belgium,BEL,1878,12.72,46.25,41.03
Belgium,BEL,1879,13.01,44.86,42.14
Belgium,BEL,1880,12.58,46.69,40.73
Belgium,BEL,1881,12.85,46.75,40.4
Belgium,BEL,1882,12.65,46.34,41.01
Belgium,BEL,1883,12.39,45.44,42.17
Belgium,BEL,1884,11.89,44.19,43.92
Belgium,BEL,1885,11.87,42.46,45.66
Belgium,BEL,1886,12.27,41.09,46.63
Belgium,BEL,1887,11.42,42.97,45.61
Belgium,BEL,1888,11.11,42.72,46.17
Belgium,BEL,1889,11.4,43.45,45.15
Belgium,BEL,1890,10.96,43.95,45.09
Belgium,BEL,1891,11.68,42.41,45.91
Belgium,BEL,1892,11.72,42.07,46.21
Belgium,BEL,1893,11.84,41.42,46.74
Belgium,BEL,1894,11.33,41.05,47.62
Belgium,BEL,1895,10.89,41.44,47.67
Belgium,BEL,1896,10.07,42.06,47.87
Belgium,BEL,1897,11.08,42,46.92
Belgium,BEL,1898,10.72,42.03,47.25
Belgium,BEL,1899,9.56,43.73,46.71
Belgium,BEL,1900,10.04,44.03,45.93
Belgium,BEL,1901,10.6,42.03,47.37
Belgium,BEL,1902,10.81,41.54,47.65
Belgium,BEL,1903,10.38,41.61,48.01
Belgium,BEL,1904,10.54,41.73,47.74
Belgium,BEL,1905,10.61,41.11,48.28
Belgium,BEL,1906,10.19,41.86,47.95
Belgium,BEL,1907,10.09,42.52,47.39
Belgium,BEL,1908,10.64,41,48.36
Belgium,BEL,1909,10.44,39.68,49.87
Belgium,BEL,1910,10.67,39.41,49.92
Belgium,BEL,1911,10.3,39.47,50.23
Belgium,BEL,1912,9.43,40.27,50.3
Belgium,BEL,1913,9.1,40.45,50.46
Belgium,BEL,1920,18.34,32.29,49.37
Belgium,BEL,1921,15.73,34.93,49.34
Belgium,BEL,1922,11.76,36.52,51.72
Belgium,BEL,1923,14.54,36.32,49.14
Belgium,BEL,1924,13.38,38.33,48.29
Belgium,BEL,1925,12.6,38.6,48.8
Belgium,BEL,1926,12.77,40.06,47.18
Belgium,BEL,1927,10.91,42.86,46.23
Belgium,BEL,1928,10.83,42.98,46.2
Belgium,BEL,1929,10.11,43.36,46.53
Belgium,BEL,1930,8.79,41.99,49.22
Belgium,BEL,1931,7.95,40.42,51.62
Belgium,BEL,1932,8.4,36.93,54.68
Belgium,BEL,1933,8.73,36.68,54.59
Belgium,BEL,1934,7.61,36.7,55.69
Belgium,BEL,1935,3.86,38.58,57.56
Belgium,BEL,1936,3.09,40.61,56.3
Belgium,BEL,1937,7.41,40.45,52.14
Belgium,BEL,1938,7.99,38.78,53.23
Belgium,BEL,1939,8.16,37.97,53.87
Belgium,BEL,1946,10.41,38.67,50.92
Belgium,BEL,1947,8.21,41.47,50.32
Belgium,BEL,1948,7.57,41.69,50.75
Belgium,BEL,1949,8.45,42.76,48.79
Belgium,BEL,1950,7.42,42.9,49.68
Belgium,BEL,1951,7.28,43.09,49.62
Belgium,BEL,1952,6.9,41.87,51.23
Belgium,BEL,1953,7.74,41.88,50.38
Belgium,BEL,1954,7.59,42.82,49.6
Belgium,BEL,1955,7.43,42.55,50.02
Belgium,BEL,1956,6.82,43.22,49.96
Belgium,BEL,1957,7.14,43.6,49.26
Belgium,BEL,1958,6.84,41.97,51.19
Belgium,BEL,1959,6.86,40.87,52.26
Belgium,BEL,1960,6.6,41.72,51.68
Belgium,BEL,1961,6.82,41.68,51.5
Belgium,BEL,1962,6.11,42.06,51.83
Belgium,BEL,1963,6.02,41.98,52
Belgium,BEL,1964,5.68,43.36,50.96
Belgium,BEL,1965,5.51,42.22,52.27
Belgium,BEL,1966,4.87,41.95,53.18
Belgium,BEL,1967,4.69,41.34,53.97
Belgium,BEL,1968,4.75,40.84,54.4
Belgium,BEL,1969,4.73,41.28,53.99
Belgium,BEL,1970,3.67,43.27,53.06
Belgium,BEL,1971,3.54,41.23,55.23
Belgium,BEL,1972,4.09,40.8,55.12
Belgium,BEL,1973,3.9,41.04,55.06
Belgium,BEL,1974,2.82,41.73,55.45
Belgium,BEL,1975,3,39.18,57.82
Belgium,BEL,1976,2.92,38.75,58.33
Belgium,BEL,1977,2.42,38.3,59.28
Belgium,BEL,1978,2.5,37.53,59.97
Belgium,BEL,1979,2.39,37.36,60.25
Belgium,BEL,1980,2.28,36.37,61.35
Belgium,BEL,1981,2.44,33.55,64.01
Belgium,BEL,1982,2.48,33.56,63.97
Belgium,BEL,1983,2.63,33.15,64.23
Belgium,BEL,1984,2.53,32.74,64.73
Belgium,BEL,1985,2.34,32.78,64.88
Belgium,BEL,1986,2.26,32.1,65.65
Belgium,BEL,1987,2.06,31.11,66.84
Belgium,BEL,1988,2.03,31.54,66.42
Belgium,BEL,1989,2.32,32.13,65.55
Belgium,BEL,1990,1.94,32.07,65.99
Belgium,BEL,1991,2.12,28.47,69.41
Belgium,BEL,1992,2.02,26.64,71.34
Belgium,BEL,1993,1.88,26.05,72.08
Belgium,BEL,1994,1.79,25.01,73.2
Belgium,BEL,1995,1.72,24.94,73.34
Belgium,BEL,1996,1.52,25.49,72.99
Belgium,BEL,1997,1.55,25.04,73.41
Belgium,BEL,1998,1.56,25.31,73.12
Belgium,BEL,1999,1.46,24.91,73.63
Belgium,BEL,2000,1.29,24.36,74.35
Belgium,BEL,2001,1.38,24.39,74.23
Belgium,BEL,2002,1.32,23.56,75.12
Belgium,BEL,2003,1.18,23.08,75.74
Belgium,BEL,2004,1.12,22.38,76.5
Belgium,BEL,2005,1.11,22.39,76.49
Belgium,BEL,2006,0.83,22.04,77.12
Belgium,BEL,2007,0.79,22.14,77.07
Belgium,BEL,2008,0.79,21.79,77.42
Finland,FIN,1860,61.66,15.87,22.46
Finland,FIN,1861,67.43,16.8,15.77
Finland,FIN,1862,57.29,15.84,26.87
Finland,FIN,1863,64.14,16.09,19.78
Finland,FIN,1864,59.35,15.98,24.67
Finland,FIN,1865,61.69,17.33,20.99
Finland,FIN,1866,56.01,15.69,28.3
Finland,FIN,1867,48.41,14.73,36.86
Finland,FIN,1868,66.93,18.31,14.76
Finland,FIN,1869,61.79,18.26,19.96
Finland,FIN,1870,60.12,18.16,21.71
Finland,FIN,1871,60.66,18.56,20.79
Finland,FIN,1872,61.88,20.03,18.08
Finland,FIN,1873,63.18,21.44,15.38
Finland,FIN,1874,62.92,21.27,15.81
Finland,FIN,1875,58.42,18.69,22.89
Finland,FIN,1876,62.59,18.87,18.54
Finland,FIN,1877,55.04,18.16,26.8
Finland,FIN,1878,47.38,15.1,37.51
Finland,FIN,1879,52.98,16.01,31.01
Finland,FIN,1880,61.93,19.49,18.58
Finland,FIN,1881,54.48,19.68,25.84
Finland,FIN,1882,58.28,20.78,20.94
Finland,FIN,1883,56.85,19.02,24.13
Finland,FIN,1884,53.92,18.28,27.8
Finland,FIN,1885,53.4,18.68,27.92
Finland,FIN,1886,52.74,18.6,28.66
Finland,FIN,1887,53.76,18.27,27.97
Finland,FIN,1888,54.91,19.76,25.33
Finland,FIN,1889,57.87,23.11,19.02
Finland,FIN,1890,54.59,22.48,22.94
Finland,FIN,1891,57.24,20.9,21.86
Finland,FIN,1892,51.43,19.28,29.29
Finland,FIN,1893,54.28,18.65,27.07
Finland,FIN,1894,54.64,19.91,25.44
Finland,FIN,1895,54.72,20.57,24.71
Finland,FIN,1896,55.85,22.62,21.53
Finland,FIN,1897,56.28,24.01,19.7
Finland,FIN,1898,54.9,24.48,20.62
Finland,FIN,1899,50.26,23.47,26.27
Finland,FIN,1900,52.07,24.76,23.18
Finland,FIN,1901,47.43,21.74,30.84
Finland,FIN,1902,45.49,21.74,32.77
Finland,FIN,1903,52.57,24.02,23.41
Finland,FIN,1904,48.08,22.7,29.22
Finland,FIN,1905,49.1,24.12,26.78
Finland,FIN,1906,48.13,25.52,26.35
Finland,FIN,1907,47.28,25.87,26.85
Finland,FIN,1908,45.38,23.65,30.97
Finland,FIN,1909,45.45,24.02,30.53
Finland,FIN,1910,44.55,24.68,30.77
Finland,FIN,1911,46.04,25.3,28.65
Finland,FIN,1912,46.87,25.51,27.62
Finland,FIN,1913,45.08,25.02,29.9
Finland,FIN,1914,42.08,23.8,34.12
Finland,FIN,1915,41.7,29.1,29.2
Finland,FIN,1916,51.39,42.08,6.54
Finland,FIN,1921,55.05,27.32,17.63
Finland,FIN,1922,45.72,28.32,25.96
Finland,FIN,1923,40.13,29.76,30.1
Finland,FIN,1924,40.18,29.24,30.59
Finland,FIN,1925,40.5,29.05,30.45
Finland,FIN,1926,37.62,29.67,32.71
Finland,FIN,1927,40.32,32.19,27.49
Finland,FIN,1928,36.11,33.15,30.74
Finland,FIN,1929,30.61,29.29,40.1
Finland,FIN,1930,26.49,26.02,47.49
Finland,FIN,1931,24.55,24.45,51
Finland,FIN,1932,30.11,27.65,42.25
Finland,FIN,1933,31.73,29.41,38.87
Finland,FIN,1934,35.17,32.54,32.28
Finland,FIN,1935,32.98,30.42,36.6
Finland,FIN,1936,34.5,32.8,32.69
Finland,FIN,1937,39.13,36.89,23.98
Finland,FIN,1938,36.15,32.26,31.59
Finland,FIN,1939,29.33,29.2,41.47
Finland,FIN,1940,29.46,33.1,37.44
Finland,FIN,1941,32.82,32.68,34.5
Finland,FIN,1942,33.92,32.91,33.17
Finland,FIN,1943,42.17,34.53,23.29
Finland,FIN,1944,38.51,27.18,34.32
Finland,FIN,1947,51.71,44.89,3.39
Finland,FIN,1948,42.98,51.42,5.6
Finland,FIN,1949,29.36,42.21,28.43
Finland,FIN,1950,32.39,50.5,17.11
Finland,FIN,1951,38.96,59.49,1.55
Finland,FIN,1952,30.23,36.41,33.36
Finland,FIN,1953,24.24,37.76,38
Finland,FIN,1954,26.33,44.48,29.18
Finland,FIN,1955,26.58,44.08,29.33
Finland,FIN,1956,23.55,42.33,34.12
Finland,FIN,1957,21.49,41.44,37.07
Finland,FIN,1958,22.05,41.52,36.43
Finland,FIN,1959,20.9,42.28,36.82
Finland,FIN,1960,21.23,44.46,34.31
Finland,FIN,1961,18.96,38.03,43.01
Finland,FIN,1962,16.82,37.7,45.48
Finland,FIN,1963,16.23,37.21,46.57
Finland,FIN,1964,16.34,36.64,47.02
Finland,FIN,1965,15.98,36.49,47.53
Finland,FIN,1966,14.27,36.68,49.04
Finland,FIN,1967,13.41,36.55,50.04
Finland,FIN,1968,13.67,36.63,49.7
Finland,FIN,1969,13.2,38.46,48.33
Finland,FIN,1970,9.89,39.78,50.33
Finland,FIN,1971,12.37,38.68,48.95
Finland,FIN,1972,11.04,39.97,48.99
Finland,FIN,1973,10.67,40.83,48.51
Finland,FIN,1974,10.2,42.79,47
Finland,FIN,1975,10.54,39.56,49.9
Finland,FIN,1976,9.84,38.1,52.06
Finland,FIN,1977,9.68,37.64,52.69
Finland,FIN,1978,9.02,38.09,52.89
Finland,FIN,1979,9.02,38.69,52.29
Finland,FIN,1980,9.49,38.44,52.07
Finland,FIN,1981,8.67,38.01,53.32
Finland,FIN,1982,8.72,37.11,54.17
Finland,FIN,1983,8.42,36.94,54.63
Finland,FIN,1984,8.43,36.52,55.05
Finland,FIN,1985,8.03,35.38,56.59
Finland,FIN,1986,7.4,34.73,57.87
Finland,FIN,1987,6.4,35.16,58.44
Finland,FIN,1988,6.31,35.33,58.36
Finland,FIN,1989,6.55,35.57,57.89
Finland,FIN,1990,6.63,33.71,59.67
Finland,FIN,1991,5.76,30.09,64.15
Finland,FIN,1992,5.09,29.69,65.22
Finland,FIN,1993,5.22,30.5,64.28
Finland,FIN,1994,5.58,31.48,62.95
Finland,FIN,1995,4.78,33.06,62.17
Finland,FIN,1996,4.29,31.67,64.04
Finland,FIN,1997,4.25,32.32,63.44
Finland,FIN,1998,3.82,33.37,62.81
Finland,FIN,1999,3.76,33.02,63.22
Finland,FIN,2000,3.62,34.14,62.24
Finland,FIN,2001,3.36,33.5,63.14
France,FRA,1815,37.3,36.73,25.98
France,FRA,1816,43.16,33.8,23.04
France,FRA,1817,49.72,29.23,21.04
France,FRA,1818,42.42,35.71,21.87
France,FRA,1819,41.9,35.08,23.01
France,FRA,1820,40.57,36.28,23.16
France,FRA,1821,40.61,36.46,22.93
France,FRA,1822,35.71,40.68,23.61
France,FRA,1823,39.42,36.87,23.71
France,FRA,1824,39.29,37.3,23.41
France,FRA,1825,36.4,40.94,22.66
France,FRA,1826,37.88,39.22,22.91
France,FRA,1827,38.74,38.93,22.33
France,FRA,1828,39.17,38.38,22.45
France,FRA,1829,40.48,37.98,21.53
France,FRA,1830,40.02,38.77,21.21
France,FRA,1831,40.96,36.73,22.31
France,FRA,1832,44.15,34.07,21.78
France,FRA,1833,38.51,39.23,22.27
France,FRA,1834,37.49,40.34,22.18
France,FRA,1835,36.51,41.69,21.8
France,FRA,1836,32.35,45.84,21.81
France,FRA,1837,35.45,42.03,22.52
France,FRA,1838,34.58,43.28,22.13
France,FRA,1839,34.26,42.72,23.02
France,FRA,1840,36.95,40.61,22.44
France,FRA,1841,34.22,42.17,23.61
France,FRA,1842,34.04,42.73,23.23
France,FRA,1843,35.56,40.97,23.47
France,FRA,1844,35.86,41.02,23.12
France,FRA,1845,34.09,42.77,23.14
France,FRA,1846,33.97,43.47,22.56
France,FRA,1847,40.28,38.19,21.53
France,FRA,1848,39.9,35.9,24.19
France,FRA,1849,33.16,43.35,23.48
France,FRA,1850,31.8,44.7,23.5
France,FRA,1851,32.31,43.79,23.9
France,FRA,1852,34.1,43.01,22.89
France,FRA,1853,32.51,44.1,23.4
France,FRA,1854,35.26,41.93,22.8
France,FRA,1855,34.78,41.53,23.69
France,FRA,1856,34.91,41.91,23.18
France,FRA,1857,39.05,38.04,22.91
France,FRA,1858,39.63,36.75,23.63
France,FRA,1859,37.05,38.24,24.71
France,FRA,1860,38.72,38.02,23.26
France,FRA,1861,35.67,40.77,23.56
France,FRA,1862,39.34,37.24,23.42
France,FRA,1863,38.98,37.41,23.61
France,FRA,1864,38.19,38.01,23.8
France,FRA,1865,36.38,38.59,25.03
France,FRA,1866,35.95,39.78,24.27
France,FRA,1867,33.27,41.69,25.05
France,FRA,1868,37.11,39.23,23.67
France,FRA,1869,37.7,38.86,23.43
France,FRA,1870,39.41,35.11,25.49
France,FRA,1871,39.69,32.74,27.57
France,FRA,1872,36.96,37.26,25.77
France,FRA,1873,32.98,40.27,26.76
France,FRA,1874,36.12,37.69,26.19
France,FRA,1875,33.79,39.39,26.82
France,FRA,1876,31.65,40.09,28.26
France,FRA,1877,33.89,38.22,27.89
France,FRA,1878,33.55,37.24,29.22
France,FRA,1879,30.44,38.53,31.02
France,FRA,1880,31.97,37.68,30.35
France,FRA,1881,30.33,39.51,30.15
France,FRA,1882,30.7,39.27,30.03
France,FRA,1883,30.73,38.57,30.7
France,FRA,1884,30.72,37.81,31.47
France,FRA,1885,29.52,37.15,33.33
France,FRA,1886,28.14,38.04,33.83
France,FRA,1887,27.43,38.01,34.56
France,FRA,1888,26.92,38.53,34.55
France,FRA,1889,25.05,40.7,34.25
France,FRA,1890,27.28,39.02,33.7
France,FRA,1891,26.1,39.79,34.11
France,FRA,1892,25.99,39.33,34.68
France,FRA,1893,26.61,38.06,35.32
France,FRA,1894,27.75,36.66,35.6
France,FRA,1895,27.36,35.8,36.84
France,FRA,1896,25.38,38.11,36.5
France,FRA,1897,23.67,40.28,36.05
France,FRA,1898,26.91,37.5,35.59
France,FRA,1899,25.41,38.9,35.69
France,FRA,1900,27.55,36.17,36.27
France,FRA,1901,23.96,38.75,37.29
France,FRA,1902,25.15,37.9,36.96
France,FRA,1903,26.16,37.62,36.22
France,FRA,1904,25.52,37.67,36.81
France,FRA,1905,25.12,37.18,37.7
France,FRA,1906,24.53,38.51,36.96
France,FRA,1907,25.36,38.58,36.06
France,FRA,1908,25.19,37.65,37.16
France,FRA,1909,25.4,38.14,36.45
France,FRA,1910,26.57,36.73,36.7
France,FRA,1911,26.59,37.89,35.52
France,FRA,1912,26.8,38.67,34.53
France,FRA,1913,26.27,38.76,34.97
France,FRA,1920,22.73,49.19,28.08
France,FRA,1921,25.35,39.51,35.14
France,FRA,1922,21.07,44.4,34.52
France,FRA,1923,20.25,46.76,32.98
France,FRA,1924,20.34,47.38,32.29
France,FRA,1925,20.04,47.57,32.39
France,FRA,1926,20.44,47.48,32.08
France,FRA,1927,21.71,44.05,34.25
France,FRA,1928,21.19,43.93,34.87
France,FRA,1929,20.24,44.3,35.46
France,FRA,1930,19.86,44.22,35.92
France,FRA,1931,21.14,39.57,39.29
France,FRA,1932,25.08,34.28,40.65
France,FRA,1933,21.32,37.64,41.05
France,FRA,1934,21.42,35.33,43.25
France,FRA,1935,18.03,36.2,45.77
France,FRA,1936,21.72,35.05,43.23
France,FRA,1938,20.05,39.26,40.69
France,FRA,1970,9.64,38.22,52.14
France,FRA,1971,9.2,38.17,52.63
France,FRA,1972,10.04,37.44,52.53
France,FRA,1973,9.87,37.54,52.59
France,FRA,1974,8.37,37.55,54.07
France,FRA,1975,7.48,36.33,56.19
France,FRA,1976,7.02,36.34,56.65
France,FRA,1977,6.63,35.66,57.71
France,FRA,1978,6.67,35.09,58.24
France,FRA,1979,6.77,34.51,58.72
France,FRA,1980,6.03,34.48,59.48
France,FRA,1981,5.96,33.37,60.67
France,FRA,1982,6.71,32.15,61.15
France,FRA,1983,5.79,31.58,62.63
France,FRA,1984,5.45,30.81,63.75
France,FRA,1985,5.47,30.49,64.04
France,FRA,1986,5.33,30.28,64.4
France,FRA,1987,5,29.94,65.06
France,FRA,1988,4.69,30.05,65.26
France,FRA,1989,5.12,29.66,65.22
France,FRA,1990,5.12,29.3,65.58
France,FRA,1991,4.17,28.97,66.85
France,FRA,1992,4.26,28.41,67.33
France,FRA,1993,4,26.79,69.21
France,FRA,1994,4.33,26.23,69.44
France,FRA,1995,4.32,26.35,69.33
France,FRA,1996,4.29,25.45,70.25
France,FRA,1997,4.19,25.48,70.32
France,FRA,1998,4.21,25.31,70.48
France,FRA,1999,3.99,28.01,68
France,FRA,2000,3.76,28.29,67.94
France,FRA,2001,3.81,27.84,68.35
France,FRA,2002,3.61,26.78,69.61
France,FRA,2003,3.32,26.2,70.48
France,FRA,2004,3.33,26.08,70.6
France,FRA,2005,3.14,26.19,70.67
France,FRA,2006,2.91,26.06,71.03
France,FRA,2007,3.09,26.46,70.45
France,FRA,2008,2.86,26.23,70.91
France,FRA,2009,2.46,24.31,73.23
France,FRA,2010,2.88,23.29,73.83
France,FRA,2011,2.91,23.11,73.98
Japan,JPN,1885,42.94,13.93,43.12
Japan,JPN,1886,42.09,14.83,43.07
Japan,JPN,1887,40.01,16.69,43.3
Japan,JPN,1888,38.35,17.36,44.29
Japan,JPN,1889,37.32,19.2,43.48
Japan,JPN,1890,46.04,14.6,39.36
Japan,JPN,1891,42.02,15.77,42.2
Japan,JPN,1892,42.16,15.39,42.45
Japan,JPN,1893,40.63,16.7,42.67
Japan,JPN,1894,43.14,15.91,40.95
Japan,JPN,1895,40.72,17.4,41.87
Japan,JPN,1896,38.24,19.79,41.97
Japan,JPN,1897,36.94,21.37,41.69
Japan,JPN,1898,43.43,18.85,37.72
Japan,JPN,1899,37.63,22.5,39.87
Japan,JPN,1900,37.73,20.47,41.8
Japan,JPN,1901,37.66,20.56,41.78
Japan,JPN,1902,35.71,20.28,44.01
Japan,JPN,1903,39.35,19.14,41.51
Japan,JPN,1904,38.57,17.81,43.62
Japan,JPN,1905,31.47,20.44,48.09
Japan,JPN,1906,34.3,22.37,43.32
Japan,JPN,1907,36.33,24.09,39.58
Japan,JPN,1908,35.76,22.69,41.55
Japan,JPN,1909,32.69,24.16,43.16
Japan,JPN,1910,30.84,25.33,43.83
Japan,JPN,1911,35.1,22.92,41.97
Japan,JPN,1912,36.65,22.96,40.39
Japan,JPN,1913,35.95,24.63,39.42
Japan,JPN,1914,30.51,27.03,42.46
Japan,JPN,1915,27.77,29.93,42.3
Japan,JPN,1916,26.7,32.6,40.71
Japan,JPN,1917,27.65,32.93,39.42
Japan,JPN,1918,31.57,34.13,34.3
Japan,JPN,1919,35.06,30.45,34.49
Japan,JPN,1920,29.52,29.87,40.6
Japan,JPN,1921,28.31,27.85,43.83
Japan,JPN,1922,25.11,29.21,45.69
Japan,JPN,1923,25.88,29.1,45.02
Japan,JPN,1924,26.65,28.86,44.49
Japan,JPN,1925,26.92,28.77,44.31
Japan,JPN,1926,23.62,29.39,46.99
Japan,JPN,1927,23.35,30.22,46.43
Japan,JPN,1928,20.92,31.96,47.12
Japan,JPN,1929,20.45,33.94,45.62
Japan,JPN,1930,16.56,34,49.43
Japan,JPN,1931,15.49,34.45,50.07
Japan,JPN,1932,17.35,34.72,47.93
Japan,JPN,1933,18.75,35.14,46.1
Japan,JPN,1934,16.2,36.73,47.07
Japan,JPN,1935,17.31,38.24,44.45
Japan,JPN,1936,18.14,39.5,42.36
Japan,JPN,1937,17.83,41.25,40.92
Japan,JPN,1938,16.21,46.05,37.74
Japan,JPN,1939,19.21,47.05,33.74
Japan,JPN,1940,18.31,48.15,33.54
Japan,JPN,1953,17.12,36.71,46.17
Japan,JPN,1954,17.15,34.87,47.98
Japan,JPN,1955,18.37,32.72,48.91
Japan,JPN,1956,15.64,35.53,48.83
Japan,JPN,1957,14.92,36.4,48.68
Japan,JPN,1958,14.4,35.28,50.32
Japan,JPN,1959,13.62,36.76,49.62
Japan,JPN,1960,12.23,39.21,48.56
Japan,JPN,1961,11.41,39.72,48.86
Japan,JPN,1962,10.86,38.96,50.18
Japan,JPN,1963,10.12,39.2,50.69
Japan,JPN,1964,9.09,39.63,51.28
Japan,JPN,1965,9.1,38.33,52.57
Japan,JPN,1966,8.71,37.54,53.74
Japan,JPN,1967,8.57,38.54,52.89
Japan,JPN,1968,7.57,39.27,53.16
Japan,JPN,1969,6.71,40.44,52.85
Japan,JPN,1970,5.69,41.41,52.89
Japan,JPN,1971,4.94,41.01,54.05
Japan,JPN,1972,5.08,40.44,54.48
Japan,JPN,1973,5.45,40.8,53.75
Japan,JPN,1974,5.1,39.03,55.87
Japan,JPN,1975,5.04,36.61,58.35
Japan,JPN,1976,4.88,36.53,58.59
Japan,JPN,1977,4.7,35.81,59.49
Japan,JPN,1978,4.31,36.23,59.46
Japan,JPN,1979,4.06,36.3,59.63
Japan,JPN,1980,3.43,36.06,60.51
Japan,JPN,1981,3.31,36.29,60.4
Japan,JPN,1982,3.21,35.8,61
Japan,JPN,1983,3.18,35.05,61.77
Japan,JPN,1984,3.14,35.74,61.11
Japan,JPN,1985,3.06,35.94,61
Japan,JPN,1986,2.9,35.35,61.75
Japan,JPN,1987,2.72,35.22,62.06
Japan,JPN,1988,2.56,35.73,61.71
Japan,JPN,1989,2.5,35.95,61.56
Japan,JPN,1990,2.44,36.47,61.08
Japan,JPN,1991,2.29,36.7,61.01
Japan,JPN,1992,2.21,36.28,61.51
Japan,JPN,1993,2.06,35.74,62.2
Japan,JPN,1994,2.14,34.76,63.1
Japan,JPN,1995,1.94,34.63,63.43
Japan,JPN,1996,1.98,34.35,63.67
Japan,JPN,1997,1.83,34.05,64.13
Japan,JPN,1998,1.94,33.08,64.98
Japan,JPN,1999,1.9,32.41,65.69
Japan,JPN,2000,1.81,32.22,65.98
Japan,JPN,2001,1.75,30.73,67.52
Japan,JPN,2002,1.76,30.05,68.19
Japan,JPN,2003,1.73,30.13,68.15
Japan,JPN,2004,1.66,30.53,67.81
Japan,JPN,2005,1.55,30.47,67.98
Japan,JPN,2006,1.51,30.24,68.25
Japan,JPN,2007,1.49,30.45,68.06
Japan,JPN,2008,1.51,29.75,68.73
Japan,JPN,2009,1.52,27.9,70.58
Japan,JPN,2010,1.54,29.58,68.88
Japan,JPN,2011,1.52,28.57,69.91
Netherlands,NLD,1807,24.4,29.19,46.41
Netherlands,NLD,1808,21.75,31.08,47.18
Netherlands,NLD,1809,26.47,27.57,45.95
Netherlands,NLD,1815,25,24.26,50.74
Netherlands,NLD,1816,26.6,24.54,48.86
Netherlands,NLD,1817,28.88,21.34,49.78
Netherlands,NLD,1818,26.86,23.6,49.54
Netherlands,NLD,1819,27.02,23,49.98
Netherlands,NLD,1820,25.72,25.63,48.65
Netherlands,NLD,1821,21.69,28.05,50.26
Netherlands,NLD,1822,19.89,29.08,51.03
Netherlands,NLD,1823,20.41,29.82,49.76
Netherlands,NLD,1824,19.54,28.42,52.04
Netherlands,NLD,1825,21.54,27.47,51
Netherlands,NLD,1826,22.27,27.79,49.94
Netherlands,NLD,1827,24.09,28.93,46.98
Netherlands,NLD,1828,21.61,29.76,48.63
Netherlands,NLD,1829,23.11,29.38,47.51
Netherlands,NLD,1830,23.81,29.63,46.55
Netherlands,NLD,1831,24.93,26.56,48.51
Netherlands,NLD,1832,23.14,24.7,52.16
Netherlands,NLD,1833,21.65,27.6,50.75
Netherlands,NLD,1834,20.19,29.49,50.33
Netherlands,NLD,1835,22.17,30.66,47.17
Netherlands,NLD,1836,21.41,30.41,48.18
Netherlands,NLD,1837,21.97,31.5,46.52
Netherlands,NLD,1838,22.23,31.3,46.47
Netherlands,NLD,1839,23.88,28.57,47.55
Netherlands,NLD,1840,25.02,30.08,44.9
Netherlands,NLD,1841,22.07,31.88,46.05
Netherlands,NLD,1842,24.66,30.18,45.16
Netherlands,NLD,1843,24.59,29.24,46.17
Netherlands,NLD,1844,22.39,29.06,48.56
Netherlands,NLD,1845,23.11,29.96,46.93
Netherlands,NLD,1846,26.19,27.82,45.99
Netherlands,NLD,1847,30.92,24.12,44.96
Netherlands,NLD,1848,25.48,27.87,46.65
Netherlands,NLD,1849,24.35,27.19,48.46
Netherlands,NLD,1850,24.95,26.06,48.99
Netherlands,NLD,1851,26.56,24.75,48.7
Netherlands,NLD,1852,26.24,24.49,49.27
Netherlands,NLD,1853,28.48,24.5,47.03
Netherlands,NLD,1854,31.12,23.8,45.08
Netherlands,NLD,1855,30.88,22.93,46.19
Netherlands,NLD,1856,31.86,21.75,46.4
Netherlands,NLD,1857,28.32,24.46,47.23
Netherlands,NLD,1858,26.05,24.33,49.62
Netherlands,NLD,1859,27.58,22.94,49.48
Netherlands,NLD,1860,29.13,23.42,47.45
Netherlands,NLD,1861,25.67,23.83,50.5
Netherlands,NLD,1862,28.6,22.35,49.05
Netherlands,NLD,1863,25.46,25.07,49.48
Netherlands,NLD,1864,25.6,24.05,50.35
Netherlands,NLD,1865,25.9,24.54,49.57
Netherlands,NLD,1866,28.05,22.76,49.18
Netherlands,NLD,1867,27.3,23.74,48.96
Netherlands,NLD,1868,28.88,22.28,48.84
Netherlands,NLD,1869,29.93,22.49,47.58
Netherlands,NLD,1870,28.91,24.02,47.07
Netherlands,NLD,1871,28.01,23.98,48.01
Netherlands,NLD,1872,25.99,26.95,47.05
Netherlands,NLD,1873,24.19,29.68,46.13
Netherlands,NLD,1874,25.94,29.18,44.87
Netherlands,NLD,1875,25.56,29.21,45.23
Netherlands,NLD,1876,26.44,29.23,44.32
Netherlands,NLD,1877,25.6,30.83,43.57
Netherlands,NLD,1878,25.48,30.05,44.46
Netherlands,NLD,1879,23.15,30.32,46.53
Netherlands,NLD,1880,25.83,28.8,45.37
Netherlands,NLD,1881,23.42,30.99,45.59
Netherlands,NLD,1882,23.64,31.78,44.58
Netherlands,NLD,1883,23.65,30.47,45.89
Netherlands,NLD,1884,22.8,29.96,47.25
Netherlands,NLD,1885,21.84,31.05,47.11
Netherlands,NLD,1886,22.16,30.62,47.22
Netherlands,NLD,1887,21.18,30.99,47.82
Netherlands,NLD,1888,19.56,32.81,47.63
Netherlands,NLD,1889,20.84,32.06,47.11
Netherlands,NLD,1890,20.26,30.45,49.29
Netherlands,NLD,1891,19.8,30.42,49.78
Netherlands,NLD,1892,20.02,29.98,50
Netherlands,NLD,1893,19.31,29.05,51.64
Netherlands,NLD,1894,18.51,31.89,49.61
Netherlands,NLD,1895,19.19,29.55,51.26
Netherlands,NLD,1896,19.2,30.81,49.98
Netherlands,NLD,1897,18.42,31.67,49.91
Netherlands,NLD,1898,18.95,30.92,50.14
Netherlands,NLD,1899,18.47,31.54,49.99
Netherlands,NLD,1900,18.22,31.93,49.85
Netherlands,NLD,1901,19.09,31.73,49.18
Netherlands,NLD,1902,19.08,31.56,49.35
Netherlands,NLD,1903,17.94,32.7,49.36
Netherlands,NLD,1904,18,32.65,49.35
Netherlands,NLD,1905,17.75,32.77,49.48
Netherlands,NLD,1906,17.18,32.3,50.53
Netherlands,NLD,1907,17.11,32.28,50.61
Netherlands,NLD,1908,17.29,32.22,50.48
Netherlands,NLD,1909,17.92,31.59,50.49
Netherlands,NLD,1910,18.54,31.33,50.13
Netherlands,NLD,1911,18.33,30.94,50.72
Netherlands,NLD,1912,16.71,31.46,51.83
Netherlands,NLD,1913,15.23,32.65,52.12
Netherlands,NLD,1970,6.3,37.5,56.2
Netherlands,NLD,1971,5.92,37.2,56.88
Netherlands,NLD,1972,5.88,36.87,57.24
Netherlands,NLD,1973,5.81,36.87,57.32
Netherlands,NLD,1974,5.1,37.05,57.85
Netherlands,NLD,1975,5.32,35.49,59.19
Netherlands,NLD,1976,5.32,35.72,58.96
Netherlands,NLD,1977,4.96,35.17,59.87
Netherlands,NLD,1978,4.76,34.12,61.12
Netherlands,NLD,1979,4.39,33.92,61.7
Netherlands,NLD,1980,4.3,34.37,61.33
Netherlands,NLD,1981,4.86,34.42,60.72
Netherlands,NLD,1982,5.01,33.92,61.07
Netherlands,NLD,1983,4.84,33.96,61.19
Netherlands,NLD,1984,4.83,35.02,60.15
Netherlands,NLD,1985,4.77,35.43,59.8
Netherlands,NLD,1986,4.95,33.01,62.04
Netherlands,NLD,1987,4.8,31.18,64.02
Netherlands,NLD,1988,4.77,31.67,63.56
Netherlands,NLD,1989,5.16,31.67,63.17
Netherlands,NLD,1990,5.02,31.7,63.28
Netherlands,NLD,1991,4.9,31.33,63.77
Netherlands,NLD,1992,4.62,30.33,65.05
Netherlands,NLD,1993,4.09,29.95,65.96
Netherlands,NLD,1994,4.17,29.78,66.05
Netherlands,NLD,1995,4.09,30.07,65.83
Netherlands,NLD,1996,3.9,29.69,66.41
Netherlands,NLD,1997,4.12,28.95,66.93
Netherlands,NLD,1998,3.56,28.39,68.05
Netherlands,NLD,1999,3.2,27.62,69.18
Netherlands,NLD,2000,3.17,28.3,68.53
Netherlands,NLD,2001,3.05,27.76,69.19
Netherlands,NLD,2002,2.74,26.46,70.79
Netherlands,NLD,2003,2.75,25.92,71.33
Netherlands,NLD,2004,2.53,26.21,71.26
Netherlands,NLD,2005,2.46,26.35,71.2
Netherlands,NLD,2006,2.61,26.97,70.41
Netherlands,NLD,2007,2.49,27.24,70.27
Netherlands,NLD,2008,2.16,28.21,69.63
Netherlands,NLD,2009,1.99,24.92,73.09
Netherlands,NLD,2010,2.25,24.74,73.01
Netherlands,NLD,2011,2.05,25.97,71.98
South Korea,KOR,1911,67.3,7.19,25.51
South Korea,KOR,1912,68.22,6.67,25.11
South Korea,KOR,1913,69.05,6.68,24.27
South Korea,KOR,1914,66.1,7.96,25.94
South Korea,KOR,1915,61.88,9.68,28.44
South Korea,KOR,1916,63.33,9.41,27.27
South Korea,KOR,1917,65.29,8.95,25.77
South Korea,KOR,1918,66.79,9.15,24.07
South Korea,KOR,1919,62.34,10.07,27.59
South Korea,KOR,1920,64.36,8.76,26.88
South Korea,KOR,1921,57.55,11.26,31.18
South Korea,KOR,1922,59.37,10.7,29.93
South Korea,KOR,1923,58.55,10.99,30.46
South Korea,KOR,1924,59.6,10.63,29.77
South Korea,KOR,1925,60.28,10.46,29.26
South Korea,KOR,1926,58,11.41,30.59
South Korea,KOR,1927,56.93,11.82,31.25
South Korea,KOR,1928,52.88,13.14,33.98
South Korea,KOR,1929,51.4,13.46,35.14
South Korea,KOR,1930,46.6,16.08,37.33
South Korea,KOR,1931,46.9,16.95,36.15
South Korea,KOR,1932,49.2,16.45,34.34
South Korea,KOR,1933,48.49,17.51,34
South Korea,KOR,1934,49.04,17.2,33.76
South Korea,KOR,1935,49.35,18.19,32.46
South Korea,KOR,1936,43.92,22.41,33.67
South Korea,KOR,1937,46.41,22.77,30.82
South Korea,KOR,1938,41.9,26.25,31.86
South Korea,KOR,1939,38.88,28.09,33.03
South Korea,KOR,1940,40.85,27.54,31.61
South Korea,KOR,1953,46.54,12.67,40.8
South Korea,KOR,1954,39.66,15.55,44.79
South Korea,KOR,1955,44.89,16.01,39.09
South Korea,KOR,1956,47.07,15.95,36.98
South Korea,KOR,1957,44.08,16.6,39.31
South Korea,KOR,1958,39.78,17.98,42.24
South Korea,KOR,1959,33.31,19.65,47.04
South Korea,KOR,1960,35.12,19.5,45.38
South Korea,KOR,1961,38.42,19.21,42.37
South Korea,KOR,1962,35.05,20.8,44.15
South Korea,KOR,1963,41.41,18.52,40.07
South Korea,KOR,1964,45.75,19.64,34.61
South Korea,KOR,1965,38.67,22.33,39.01
South Korea,KOR,1966,35.33,22.6,42.07
South Korea,KOR,1967,31.28,23.05,45.68
South Korea,KOR,1968,27.99,24.68,47.33
South Korea,KOR,1969,28.5,25.64,45.85
South Korea,KOR,1970,27.75,26.54,45.72
South Korea,KOR,1971,28.1,25.72,46.18
South Korea,KOR,1972,27.58,26.27,46.15
South Korea,KOR,1973,25.87,29.28,44.85
South Korea,KOR,1974,25.73,30.38,43.9
South Korea,KOR,1975,25.9,30.99,43.11
South Korea,KOR,1976,24.64,32.21,43.15
South Korea,KOR,1977,23.66,33.22,43.12
South Korea,KOR,1978,22.04,35.57,42.39
South Korea,KOR,1979,20.6,37.08,42.32
South Korea,KOR,1980,16.01,37.82,46.17
South Korea,KOR,1981,16.74,37,46.26
South Korea,KOR,1982,15.65,36.94,47.4
South Korea,KOR,1983,14.39,38.31,47.31
South Korea,KOR,1984,13.6,38.71,47.69
South Korea,KOR,1985,13.53,37.87,48.6
South Korea,KOR,1986,12.05,38.81,49.14
South Korea,KOR,1987,10.94,39.79,49.27
South Korea,KOR,1988,10.95,40.62,48.43
South Korea,KOR,1989,10.26,40.26,49.48
South Korea,KOR,1990,9.31,41.4,49.29
South Korea,KOR,1991,8.39,42.84,48.77
South Korea,KOR,1992,8.17,41.86,49.97
South Korea,KOR,1993,7.43,42.25,50.32
South Korea,KOR,1994,7.29,42.11,50.6
South Korea,KOR,1995,6.95,42.64,50.41
South Korea,KOR,1996,6.58,42.09,51.34
South Korea,KOR,1997,6.02,41.81,52.17
South Korea,KOR,1998,5.61,40.98,53.41
South Korea,KOR,1999,5.76,40.66,53.58
South Korea,KOR,2000,5.24,40.6,54.15
South Korea,KOR,2001,4.97,39.09,55.93
South Korea,KOR,2002,4.6,39.31,56.09
South Korea,KOR,2003,4.29,39.76,55.95
South Korea,KOR,2004,4.28,41.42,54.3
South Korea,KOR,2005,3.84,41.21,54.95
South Korea,KOR,2006,3.65,40.68,55.66
South Korea,KOR,2007,3.34,40.87,55.79
South Korea,KOR,2008,3.12,41.28,55.6
South Korea,KOR,2009,3.01,40.79,56.2
South Korea,KOR,2010,2.86,42.85,54.29
South Korea,KOR,2011,2.92,43.35,53.73
Spain,ESP,1850,37.41,17.19,45.4
Spain,ESP,1851,36.96,18.23,44.81
Spain,ESP,1852,35.28,19.53,45.19
Spain,ESP,1853,44.47,15.78,39.76
Spain,ESP,1854,43.41,16.05,40.54
Spain,ESP,1855,48.52,15.12,36.36
Spain,ESP,1856,41.67,18.55,39.78
Spain,ESP,1857,38.85,19.7,41.45
Spain,ESP,1858,38.08,20.86,41.06
Spain,ESP,1859,39.32,20.85,39.83
Spain,ESP,1860,39.46,20.44,40.1
Spain,ESP,1861,39.64,20.65,39.7
Spain,ESP,1862,39.09,21.42,39.48
Spain,ESP,1863,39.17,21.94,38.88
Spain,ESP,1864,37.58,22.16,40.26
Spain,ESP,1865,38.32,21.55,40.14
Spain,ESP,1866,39.64,20.82,39.54
Spain,ESP,1867,42.16,20.02,37.82
Spain,ESP,1868,35.7,21.41,42.89
Spain,ESP,1869,33.64,22.89,43.47
Spain,ESP,1870,38.27,20.9,40.83
Spain,ESP,1871,39.04,21.26,39.71
Spain,ESP,1872,42.26,20.79,36.95
Spain,ESP,1873,40.3,22.47,37.23
Spain,ESP,1874,38.65,20.88,40.47
Spain,ESP,1875,36.82,21.76,41.43
Spain,ESP,1876,40.34,21.09,38.57
Spain,ESP,1877,42.38,21.8,35.82
Spain,ESP,1878,42.44,21.29,36.27
Spain,ESP,1879,40.68,22.65,36.67
Spain,ESP,1880,39.38,24.72,35.89
Spain,ESP,1881,38.53,26.37,35.1
Spain,ESP,1882,38.74,26.59,34.66
Spain,ESP,1883,38.11,26.96,34.92
Spain,ESP,1884,38.59,25.55,35.87
Spain,ESP,1885,38.25,25.89,35.85
Spain,ESP,1886,40.01,24.69,35.3
Spain,ESP,1887,35.84,26.03,38.14
Spain,ESP,1888,37.4,26.69,35.92
Spain,ESP,1889,34.31,26.49,39.2
Spain,ESP,1890,33.61,27.99,38.4
Spain,ESP,1891,33.25,29,37.74
Spain,ESP,1892,33.37,28.08,38.55
Spain,ESP,1893,31.07,29.19,39.74
Spain,ESP,1894,31.59,28.53,39.89
Spain,ESP,1895,32.59,28.33,39.07
Spain,ESP,1896,30.54,28.25,41.21
Spain,ESP,1897,35.3,25.83,38.87
Spain,ESP,1898,32.76,27.47,39.77
Spain,ESP,1899,30.4,29.1,40.5
Spain,ESP,1900,29.89,30.28,39.83
Spain,ESP,1901,33.21,29.03,37.76
Spain,ESP,1902,31.29,28.31,40.4
Spain,ESP,1903,31.95,28.91,39.14
Spain,ESP,1904,31.72,29.53,38.75
Spain,ESP,1905,32.09,28.16,39.75
Spain,ESP,1906,31.64,28.89,39.46
Spain,ESP,1907,33.01,30.18,36.81
Spain,ESP,1908,30.39,30.07,39.54
Spain,ESP,1909,32.67,28.47,38.86
Spain,ESP,1910,27.85,30.73,41.42
Spain,ESP,1911,31.14,29.1,39.76
Spain,ESP,1912,26.91,31.83,41.26
Spain,ESP,1913,29.08,30.51,40.41
Spain,ESP,1914,27.71,30.01,42.27
Spain,ESP,1915,33.02,28.63,38.35
Spain,ESP,1916,31.98,30.7,37.32
Spain,ESP,1917,29.48,30.92,39.6
Spain,ESP,1918,30.31,30.39,39.3
Spain,ESP,1919,32.13,28.48,39.39
Spain,ESP,1920,31.93,30.2,37.87
Spain,ESP,1921,28.87,30.01,41.12
Spain,ESP,1922,29.44,29.44,41.11
Spain,ESP,1923,25.9,31.63,42.47
Spain,ESP,1924,26.48,31.79,41.73
Spain,ESP,1925,27.53,30.78,41.68
Spain,ESP,1926,24.52,32.55,42.93
Spain,ESP,1927,28.59,32.31,39.1
Spain,ESP,1928,23.67,34.17,42.16
Spain,ESP,1929,26.36,32.86,40.78
Spain,ESP,1930,22.78,32.25,44.97
Spain,ESP,1931,24.17,28.99,46.84
Spain,ESP,1932,26.62,28.11,45.27
Spain,ESP,1933,22.34,29.43,48.23
Spain,ESP,1934,24.57,27.27,48.16
Spain,ESP,1935,23.03,27.51,49.47
Spain,ESP,1940,26.8,23.26,49.94
Spain,ESP,1941,25.39,22.93,51.68
Spain,ESP,1942,27.01,24.88,48.11
Spain,ESP,1943,26.94,23.76,49.3
Spain,ESP,1944,31.31,23.63,45.06
Spain,ESP,1945,26.43,24.66,48.91
Spain,ESP,1946,30.22,25.81,43.97
Spain,ESP,1947,27.38,26.97,45.64
Spain,ESP,1948,25,29.49,45.5
Spain,ESP,1949,28.09,25.7,46.22
Spain,ESP,1950,28.71,27.02,44.27
Spain,ESP,1951,28.87,30.05,41.08
Spain,ESP,1952,26.7,31.04,42.26
Spain,ESP,1953,25.05,33.16,41.79
Spain,ESP,1954,23.83,33.52,42.65
Spain,ESP,1955,23.54,34.52,41.94
Spain,ESP,1956,22.55,35.22,42.23
Spain,ESP,1957,22.91,35.55,41.54
Spain,ESP,1958,23.34,35.95,40.71
Spain,ESP,1970,13.13,43.03,43.84
Spain,ESP,1971,13.88,41.98,44.14
Spain,ESP,1972,12.75,43.2,44.06
Spain,ESP,1973,12.27,44.19,43.53
Spain,ESP,1974,11.33,45.45,43.22
Spain,ESP,1975,11.26,43.4,45.34
Spain,ESP,1976,10.88,42.84,46.28
Spain,ESP,1977,10.59,42.3,47.11
Spain,ESP,1978,10.97,41.48,47.55
Spain,ESP,1979,9.69,41.13,49.18
Spain,ESP,1980,8.96,40.81,50.23
Spain,ESP,1981,7.46,39.82,52.72
Spain,ESP,1982,7.64,38.68,53.69
Spain,ESP,1983,7.46,38.27,54.27
Spain,ESP,1984,8.04,37.12,54.84
Spain,ESP,1985,8.06,36.66,55.28
Spain,ESP,1986,8.74,37.49,53.77
Spain,ESP,1987,8.59,37.11,54.3
Spain,ESP,1988,8.82,37.34,53.84
Spain,ESP,1989,8.12,37.85,54.02
Spain,ESP,1990,7.79,36.98,55.23
Spain,ESP,1991,7.09,36.15,56.76
Spain,ESP,1992,6.26,33.59,60.15
Spain,ESP,1993,6.93,31.37,61.71
Spain,ESP,1994,6.9,31.15,61.95
Spain,ESP,1995,6.52,32.43,61.05
Spain,ESP,1996,7.17,31.99,60.84
Spain,ESP,1997,6.74,32.17,61.08
Spain,ESP,1998,6.27,32.22,61.5
Spain,ESP,1999,5.57,32.23,62.2
Spain,ESP,2000,5.23,32.57,62.19
Spain,ESP,2001,5.08,32.63,62.29
Spain,ESP,2002,4.82,32.53,62.64
Spain,ESP,2003,4.78,32.58,62.64
Spain,ESP,2004,4.38,32.99,62.62
Spain,ESP,2005,3.9,33.73,62.37
Spain,ESP,2006,3.42,34.12,62.46
Spain,ESP,2007,3.52,33.16,63.32
Spain,ESP,2008,3.26,32.05,64.68
Spain,ESP,2009,3.21,28.58,68.21
Spain,ESP,2010,3.5,28.88,67.63
Spain,ESP,2011,3.47,28.59,67.95
Sweden,SWE,1800,40.78,14.94,44.44
Sweden,SWE,1801,38.78,17.19,44.02
Sweden,SWE,1802,38.6,15.65,45.75
Sweden,SWE,1803,37.56,15.78,46.67
Sweden,SWE,1804,39.52,12.43,48.05
Sweden,SWE,1805,40.34,13.99,45.68
Sweden,SWE,1806,38,14.5,47.5
Sweden,SWE,1807,39.99,14.03,45.98
Sweden,SWE,1808,38.74,13.07,48.18
Sweden,SWE,1809,44.44,11.28,44.28
Sweden,SWE,1810,44.73,10.75,44.52
Sweden,SWE,1811,40.06,15.4,44.54
Sweden,SWE,1812,39.79,11.79,48.42
Sweden,SWE,1813,37.35,15.94,46.71
Sweden,SWE,1814,40.82,13.18,46.01
Sweden,SWE,1815,41.4,14.18,44.42
Sweden,SWE,1816,38.96,15.41,45.63
Sweden,SWE,1817,40.03,13.63,46.34
Sweden,SWE,1818,35.72,18.7,45.58
Sweden,SWE,1819,36.94,18.47,44.6
Sweden,SWE,1820,40.56,15.96,43.48
Sweden,SWE,1821,39.76,16.01,44.23
Sweden,SWE,1822,39.98,14.54,45.47
Sweden,SWE,1823,40.73,13.23,46.04
Sweden,SWE,1824,40.44,14.8,44.76
Sweden,SWE,1825,38.28,16.84,44.88
Sweden,SWE,1826,37.11,16.6,46.29
Sweden,SWE,1827,39.29,17.33,43.38
Sweden,SWE,1828,40.64,15.98,43.38
Sweden,SWE,1829,38.89,15.69,45.42
Sweden,SWE,1830,40.59,14.43,44.98
Sweden,SWE,1831,38.88,16.13,44.99
Sweden,SWE,1832,41.09,14.83,44.08
Sweden,SWE,1833,40.75,14.78,44.47
Sweden,SWE,1834,40.33,14.71,44.95
Sweden,SWE,1835,40.57,14.96,44.48
Sweden,SWE,1836,39.09,17.39,43.52
Sweden,SWE,1837,38.71,16.67,44.62
Sweden,SWE,1838,38.28,17.55,44.16
Sweden,SWE,1839,40.29,16.86,42.85
Sweden,SWE,1840,40.59,16.43,42.98
Sweden,SWE,1841,40.19,16.44,43.37
Sweden,SWE,1842,41.18,14.97,43.85
Sweden,SWE,1843,41.33,15.6,43.07
Sweden,SWE,1844,40.97,17.03,42
Sweden,SWE,1845,38.83,17.81,43.36
Sweden,SWE,1846,40.04,17.2,42.76
Sweden,SWE,1847,40.13,17.55,42.32
Sweden,SWE,1848,41.21,15.78,43.02
Sweden,SWE,1849,40.34,16.81,42.85
Sweden,SWE,1850,38.52,19.06,42.42
Sweden,SWE,1851,37.71,19.81,42.48
Sweden,SWE,1852,37.79,19.7,42.51
Sweden,SWE,1853,36.44,19.89,43.67
Sweden,SWE,1854,39.05,19.02,41.93
Sweden,SWE,1855,36.03,22,41.98
Sweden,SWE,1856,37.38,20.49,42.12
Sweden,SWE,1857,36.73,21.11,42.15
Sweden,SWE,1858,38.94,19.77,41.29
Sweden,SWE,1859,37.97,20.54,41.5
Sweden,SWE,1860,36.99,21.05,41.96
Sweden,SWE,1861,38.38,19.25,42.36
Sweden,SWE,1862,37.16,20.68,42.15
Sweden,SWE,1863,38.15,20.72,41.13
Sweden,SWE,1864,36.58,21.72,41.7
Sweden,SWE,1865,35.72,21.4,42.89
Sweden,SWE,1866,35.97,21.46,42.57
Sweden,SWE,1867,38.69,20.37,40.94
Sweden,SWE,1868,37.78,19.99,42.22
Sweden,SWE,1869,39.8,19.74,40.46
Sweden,SWE,1870,40.68,19.61,39.71
Sweden,SWE,1871,40.52,19.44,40.04
Sweden,SWE,1872,39.03,21.33,39.64
Sweden,SWE,1873,36.73,23.26,40.01
Sweden,SWE,1874,36.39,24.56,39.05
Sweden,SWE,1875,36.2,24.04,39.76
Sweden,SWE,1876,36.66,23.48,39.86
Sweden,SWE,1877,35.87,24,40.12
Sweden,SWE,1878,37.2,22.76,40.04
Sweden,SWE,1879,38.13,21.62,40.25
Sweden,SWE,1880,36.49,22.81,40.7
Sweden,SWE,1881,36.28,23.05,40.67
Sweden,SWE,1882,36.84,22.55,40.61
Sweden,SWE,1883,37.22,21.74,41.04
Sweden,SWE,1884,34.85,23.61,41.54
Sweden,SWE,1885,35.03,23.16,41.81
Sweden,SWE,1886,33.02,24.79,42.2
Sweden,SWE,1887,32.75,23.99,43.26
Sweden,SWE,1888,32,24.86,43.15
Sweden,SWE,1889,30.95,26.23,42.82
Sweden,SWE,1890,30.87,25.62,43.51
Sweden,SWE,1891,33.18,24.22,42.6
Sweden,SWE,1892,33.36,24.64,42
Sweden,SWE,1893,32.79,25.27,41.94
Sweden,SWE,1894,31.71,26.9,41.39
Sweden,SWE,1895,29.93,28.89,41.18
Sweden,SWE,1896,29.95,29.06,40.99
Sweden,SWE,1897,28.78,30.72,40.49
Sweden,SWE,1898,28.67,29.67,41.66
Sweden,SWE,1899,28.59,29.89,41.52
Sweden,SWE,1900,27.64,30.94,41.42
Sweden,SWE,1901,28.27,30.25,41.48
Sweden,SWE,1902,26.9,30.69,42.41
Sweden,SWE,1903,25.97,31.77,42.27
Sweden,SWE,1904,25.42,31.96,42.62
Sweden,SWE,1905,23.3,33.4,43.31
Sweden,SWE,1906,23.64,33.79,42.57
Sweden,SWE,1907,24.66,31.89,43.46
Sweden,SWE,1908,25.88,31.12,43.01
Sweden,SWE,1909,26.61,29.43,43.96
Sweden,SWE,1910,25.8,31.68,42.52
Sweden,SWE,1911,24.14,33.41,42.45
Sweden,SWE,1912,24.51,32.68,42.81
Sweden,SWE,1913,25.07,33.33,41.59
Sweden,SWE,1914,23.68,33.74,42.58
Sweden,SWE,1915,24.77,30.44,44.79
Sweden,SWE,1916,25.38,32.05,42.56
Sweden,SWE,1917,25,33.72,41.28
Sweden,SWE,1918,25.38,30.33,44.29
Sweden,SWE,1919,24.75,29.69,45.56
Sweden,SWE,1920,22.09,30.81,47.09
Sweden,SWE,1921,20.14,30.59,49.26
Sweden,SWE,1922,19.07,31.26,49.66
Sweden,SWE,1923,17.04,31.75,51.21
Sweden,SWE,1924,16.64,31.72,51.63
Sweden,SWE,1925,15.97,32.22,51.81
Sweden,SWE,1926,16.17,32.07,51.77
Sweden,SWE,1927,15.21,32.25,52.54
Sweden,SWE,1928,14.95,32.28,52.77
Sweden,SWE,1929,14.56,33.41,52.02
Sweden,SWE,1930,13.02,34.41,52.57
Sweden,SWE,1931,12.79,32.18,55.03
Sweden,SWE,1932,11.58,31.71,56.71
Sweden,SWE,1933,13.24,31.25,55.51
Sweden,SWE,1934,12.36,33.93,53.7
Sweden,SWE,1935,12.72,35.1,52.18
Sweden,SWE,1936,13.17,36.37,50.47
Sweden,SWE,1937,13.18,37.48,49.35
Sweden,SWE,1938,12.1,38.81,49.09
Sweden,SWE,1939,11.46,38.17,50.38
Sweden,SWE,1940,11.51,36.35,52.14
Sweden,SWE,1941,11.84,37.79,50.37
Sweden,SWE,1942,11.63,39.13,49.24
Sweden,SWE,1943,11.97,39.79,48.24
Sweden,SWE,1944,12.36,39.49,48.15
Sweden,SWE,1945,11.91,41.23,46.86
Sweden,SWE,1946,11.68,41.22,47.1
Sweden,SWE,1947,11.03,41.03,47.94
Sweden,SWE,1948,9.65,42.63,47.72
Sweden,SWE,1949,9.92,42.05,48.02
Sweden,SWE,1950,11.26,42.46,46.28
Sweden,SWE,1951,11.43,45.91,42.66
Sweden,SWE,1952,14.14,41.65,44.21
Sweden,SWE,1953,10.9,42.65,46.45
Sweden,SWE,1954,10.84,43,46.16
Sweden,SWE,1955,9.98,42.88,47.15
Sweden,SWE,1956,10.12,42.55,47.33
Sweden,SWE,1957,8.8,42.75,48.46
Sweden,SWE,1958,8.43,42.55,49.02
Sweden,SWE,1959,7.37,43.05,49.58
Sweden,SWE,1960,7.57,43.22,49.21
Sweden,SWE,1961,7.5,42.96,49.54
Sweden,SWE,1962,7.08,43.52,49.4
Sweden,SWE,1963,6.16,43.24,50.59
Sweden,SWE,1964,6.34,43.37,50.28
Sweden,SWE,1965,6.02,43.1,50.88
Sweden,SWE,1966,5.38,41.96,52.66
Sweden,SWE,1967,5.06,40.97,53.97
Sweden,SWE,1968,4.35,40.22,55.44
Sweden,SWE,1969,3.92,40.64,55.44
Sweden,SWE,1970,3.94,40.84,55.22
Sweden,SWE,1971,4.17,39.42,56.41
Sweden,SWE,1972,3.65,38.89,57.45
Sweden,SWE,1973,3.47,39.49,57.04
Sweden,SWE,1974,4.21,40.59,55.2
Sweden,SWE,1975,4.07,40.12,55.81
Sweden,SWE,1976,4.09,38.53,57.38
Sweden,SWE,1977,3.73,36.11,60.16
Sweden,SWE,1978,3.36,34.54,62.1
Sweden,SWE,1979,2.97,34.78,62.25
Sweden,SWE,1980,3.03,34.33,62.63
Sweden,SWE,1981,3.09,32.78,64.14
Sweden,SWE,1982,3.07,32.61,64.32
Sweden,SWE,1983,3.11,32.9,64
Sweden,SWE,1984,3.06,33.87,63.08
Sweden,SWE,1985,2.96,33.91,63.12
Sweden,SWE,1986,2.81,33.69,63.5
Sweden,SWE,1987,2.66,33.51,63.83
Sweden,SWE,1988,2.53,33.28,64.19
Sweden,SWE,1989,2.52,33.44,64.04
Sweden,SWE,1990,2.31,32.28,65.41
Sweden,SWE,1991,1.96,30.77,67.27
Sweden,SWE,1992,1.84,29.8,68.36
Sweden,SWE,1993,1.66,28.71,69.63
Sweden,SWE,1994,1.73,30.06,68.21
Sweden,SWE,1995,1.77,31.55,66.69
Sweden,SWE,1996,1.6,30.84,67.56
Sweden,SWE,1997,1.56,30.95,67.49
Sweden,SWE,1998,1.47,31.31,67.22
Sweden,SWE,1999,1.39,30.99,67.62
Sweden,SWE,2000,1.24,30.62,68.13
Sweden,SWE,2001,1.25,30.04,68.71
Sweden,SWE,2002,1.21,29.87,68.92
Sweden,SWE,2003,1.2,29.54,69.26
